--- Array 1 ---
    1.50    2.30    3.70
    4.20    5.80    6.10
    7.90    8.40    9.20
   10.60   11.30   12.90

--- Array 2 ---
   13.40   14.10   15.80
   16.20   17.50   18.90
   19.30   20.70   21.40
   22.80   23.60   24.00

--- Sum (+) ---
   14.90   16.40   19.50
   20.40   23.30   25.00
   27.20   29.10   30.60
   33.40   34.90   36.90

--- Diff (-) ---
  -11.90  -11.80  -12.10
  -12.00  -11.70  -12.80
  -11.40  -12.30  -12.20
  -12.20  -12.30  -11.10

--- Mult (*) ---
   20.10   32.43   58.46
   68.04  101.50  115.29
  152.47  173.88  196.88
  241.68  266.68  309.60

--- Div (/) ---
    0.11    0.16    0.23
    0.26    0.33    0.32
    0.41    0.41    0.43
    0.46    0.48    0.54

--- Max Elements ---
   13.40   14.10   15.80
   16.20   17.50   18.90
   19.30   20.70   21.40
   22.80   23.60   24.00

--- Transposed Max Array (3x4) ---
   13.40   16.20   19.30   22.80
   14.10   17.50   20.70   23.60
   15.80   18.90   21.40   24.00

Task 3 completed. Results saved to 'output_task3.txt'
